0.000000000000000000e+00 0.000000000000000000e+00 0.000000000000000000e+00
0.000000000000000000e+00 0.000000000000000000e+00 0.000000000000000000e+00
0.000000000000000000e+00 0.000000000000000000e+00 0.000000000000000000e+00
0.000000000000000000e+00 0.000000000000000000e+00 0.000000000000000000e+00
-3.249932288000000113e+00 -1.568000000000000060e+00 -8.000000000000000444e-01
-4.467215481716079850e+00 -3.789282282741694097e+00 -4.261495419903671866e+00
-4.268914888540159325e+00 -3.828441497599999188e+00 -4.248064470248377411e+00
-3.853560884363263384e+00 -4.194296022772772581e+00 -4.648762978388147005e+00
-2.305280000000000218e+00 -1.980225945599999982e+00 -2.786650151312192403e+00
0.000000000000000000e+00 0.000000000000000000e+00 0.000000000000000000e+00
0.000000000000000000e+00 0.000000000000000000e+00 0.000000000000000000e+00
0.000000000000000000e+00 0.000000000000000000e+00 0.000000000000000000e+00
0.000000000000000000e+00 0.000000000000000000e+00 0.000000000000000000e+00
0.000000000000000000e+00 0.000000000000000000e+00 0.000000000000000000e+00
0.000000000000000000e+00 0.000000000000000000e+00 0.000000000000000000e+00
0.000000000000000000e+00 0.000000000000000000e+00 0.000000000000000000e+00
0.000000000000000000e+00 0.000000000000000000e+00 0.000000000000000000e+00
-4.240564817100799466e+00 -8.000000000000000444e-01 -2.490791460864000495e+00
-4.545609185624063464e+00 -5.249539781220138757e+00 -4.613404530735095044e+00
-6.820364035543413195e+00 -6.988061618808397490e+00 -6.524263950670767365e+00
-7.265558208018394026e+00 -7.303238413718351474e+00 -6.969040130792399701e+00
-7.736275250258820790e+00 -6.194000597314238021e+00 -8.192905885389890841e+00
-6.072839633783233992e+00 -6.238318472144038118e+00 -6.441424639163205512e+00
-2.682017890304000396e+00 -3.378533093212159777e+00 -2.881603656587673257e+00
0.000000000000000000e+00 0.000000000000000000e+00 0.000000000000000000e+00
0.000000000000000000e+00 0.000000000000000000e+00 0.000000000000000000e+00
0.000000000000000000e+00 0.000000000000000000e+00 0.000000000000000000e+00
0.000000000000000000e+00 0.000000000000000000e+00 0.000000000000000000e+00
0.000000000000000000e+00 0.000000000000000000e+00 0.000000000000000000e+00
0.000000000000000000e+00 0.000000000000000000e+00 0.000000000000000000e+00
0.000000000000000000e+00 -3.797789211753713090e+00 0.000000000000000000e+00
-4.794267854066287526e+00 -4.529612001724934167e+00 -5.458922994132406004e+00
-6.627822504336133846e+00 -6.801631848260228708e+00 -6.598284756721210620e+00
-6.160634660773219196e+00 -6.002118202082144194e+00 -7.051601862283344069e+00
-6.612051169378821314e+00 -7.192395768985747395e+00 -7.583719650270834833e+00
-6.375308921952848706e+00 -1.059305644973528615e+01 -9.977160165252177748e+00
-6.449230913590503711e+00 -7.104821134862419285e+00 -5.413997038944662776e+00
-5.909489654826304061e+00 -5.593793595307212208e+00 -5.863378473539391678e+00
-2.151680000000000259e+00 -1.838336000000000192e+00 -2.534082560000000317e+00
0.000000000000000000e+00 0.000000000000000000e+00 0.000000000000000000e+00
0.000000000000000000e+00 0.000000000000000000e+00 0.000000000000000000e+00
0.000000000000000000e+00 0.000000000000000000e+00 0.000000000000000000e+00
0.000000000000000000e+00 0.000000000000000000e+00 0.000000000000000000e+00
0.000000000000000000e+00 0.000000000000000000e+00 0.000000000000000000e+00
-3.540391522476328934e+00 -4.866167913495657693e+00 -3.690176735762671356e+00
-6.495136543551501163e+00 -6.135491041754227659e+00 -6.377753596785113110e+00
-8.944043058125252799e+00 -7.077271697057406108e+00 -9.680092503067843523e+00
-1.076338240711167060e+01 -1.094185924837783830e+01 -1.094128362927314591e+01
-1.230382478075671315e+01 -1.254973384830546834e+01 -1.040306376024324919e+01
-1.208455657411584028e+01 -1.183684687592502804e+01 -9.374039473248416243e+00
-1.037326469048265132e+01 -8.848397248564554118e+00 -1.034344042327883173e+01
-7.371140829482016876e+00 -8.456559461101125663e+00 -4.942571656143678993e+00
-4.795502218072555500e+00 -5.025679796140506639e+00 -4.374850497622834844e+00
-2.151680000000000259e+00 -8.000000000000000444e-01 -8.000000000000000444e-01
0.000000000000000000e+00 0.000000000000000000e+00 0.000000000000000000e+00
0.000000000000000000e+00 0.000000000000000000e+00 0.000000000000000000e+00
0.000000000000000000e+00 0.000000000000000000e+00 0.000000000000000000e+00
0.000000000000000000e+00 0.000000000000000000e+00 0.000000000000000000e+00
-4.912492140534777008e+00 -5.183097131956127868e+00 -2.798700390791815984e+00
-7.983817967143529870e+00 -6.482428549403400631e+00 -8.660074632671904027e+00
-1.268646192755353219e+01 -1.197510619220618722e+01 -1.061467484490331614e+01
-1.388130174940808992e+01 -1.387911643171143794e+01 -1.125402285899484234e+01
-1.207354531549259136e+01 -1.382351093111474682e+01 -1.434505441439145557e+01
-1.293630371491113351e+01 -1.296215183560411077e+01 -9.100306496270466283e+00
-1.207526850848283573e+01 -1.207161964952854483e+01 -8.949569319077671281e+00
-1.079788969809047039e+01 -1.015568956606373519e+01 -8.770429926311880564e+00
-5.363549473577369220e+00 -3.488954240319094513e+00 -5.003549570065497498e+00
-3.125135360000000695e+00 -3.147548672000000547e+00 -2.452736000000000249e+00
0.000000000000000000e+00 0.000000000000000000e+00 0.000000000000000000e+00
0.000000000000000000e+00 0.000000000000000000e+00 0.000000000000000000e+00
0.000000000000000000e+00 0.000000000000000000e+00 0.000000000000000000e+00
0.000000000000000000e+00 0.000000000000000000e+00 0.000000000000000000e+00
-4.992310468425400494e+00 -5.101924795403322221e+00 -5.802773929606108716e+00
-7.530970576056018828e+00 -8.269012190152990271e+00 -8.154748482275955723e+00
-1.331736434725028673e+01 -1.085209849989345088e+01 -1.345346770997756991e+01
-1.323710465896229849e+01 -1.513419298175149308e+01 -1.429861504497983837e+01
-1.697562138440859414e+01 -1.698262021292838853e+01 -1.623582113174183661e+01
-1.699152672810214071e+01 -1.799611945702279314e+01 -1.661410395590415590e+01
-1.264988007914828216e+01 -1.256243661120733002e+01 -1.089231028249026600e+01
-1.135466089361279529e+01 -1.144820806851611650e+01 -6.576006709819804286e+00
-7.887377453629085267e+00 -8.312313630401380493e+00 -5.747474362044206586e+00
-3.160524800000000578e+00 -2.482227200000000522e+00 -3.013068800000000103e+00
0.000000000000000000e+00 -8.000000000000000444e-01 0.000000000000000000e+00
0.000000000000000000e+00 0.000000000000000000e+00 0.000000000000000000e+00
0.000000000000000000e+00 0.000000000000000000e+00 0.000000000000000000e+00
0.000000000000000000e+00 0.000000000000000000e+00 -3.377934142130071482e+00
-5.472791830699647697e+00 -7.595123899307143489e+00 -6.830991287047011085e+00
-7.404176752516851145e+00 -7.964910349852845073e+00 -9.675047774603179107e+00
-1.255136181966935105e+01 -1.304137427896214874e+01 -1.304088941536429758e+01
-9.218150247933809993e+00 -1.483597062018839807e+01 -1.562942823862243991e+01
-1.901218698815164387e+01 -1.551120446909436268e+01 -1.904119590124962969e+01
-1.842385515697434784e+01 -1.845027413484151069e+01 -1.473508790186954798e+01
-1.479811132389247064e+01 -1.466859594588708759e+01 -1.489422291052888170e+01
-1.100805007344144215e+01 -7.856766915993740774e+00 -1.115158853360772895e+01
-8.985039965525203343e+00 -9.149013914868453057e+00 -8.941917586075547320e+00
-2.305280000000000218e+00 -3.014348800000000050e+00 -2.452736000000000249e+00
-8.000000000000000444e-01 0.000000000000000000e+00 -8.000000000000000444e-01
0.000000000000000000e+00 0.000000000000000000e+00 0.000000000000000000e+00
0.000000000000000000e+00 0.000000000000000000e+00 0.000000000000000000e+00
0.000000000000000000e+00 0.000000000000000000e+00 0.000000000000000000e+00
-5.625622484070823326e+00 -4.806875206596792793e+00 -4.887313069303974800e+00
-7.207655457501751961e+00 -7.953713445990578279e+00 -7.954104592196500789e+00
-1.170401888756099673e+01 -1.288894401440161630e+01 -1.257778856263551681e+01
-1.244574189800101216e+01 -1.453249649867129456e+01 -1.454817492738741258e+01
-1.568723786794049424e+01 -1.818324257671743283e+01 -1.809708402234689117e+01
-1.859962772557949506e+01 -1.516812404039456652e+01 -1.847395179648422570e+01
-1.636173372335803933e+01 -1.566793761331287804e+01 -1.421535940480480420e+01
-1.143833064435064628e+01 -1.029442592495716013e+01 -7.642060333854992393e+00
-9.070721122397849001e+00 -8.877963777996097150e+00 -6.116067121143938579e+00
-2.336000000000000298e+00 -2.305280000000000218e+00 -2.305280000000000218e+00
-8.000000000000000444e-01 0.000000000000000000e+00 -8.000000000000000444e-01
0.000000000000000000e+00 0.000000000000000000e+00 0.000000000000000000e+00
0.000000000000000000e+00 0.000000000000000000e+00 0.000000000000000000e+00
0.000000000000000000e+00 0.000000000000000000e+00 0.000000000000000000e+00
-3.880833354542235103e+00 -2.305280000000000218e+00 -4.349389513198980595e+00
-6.281440581758111819e+00 -6.133393672221352233e+00 -6.972586637112392793e+00
-6.661806611289026847e+00 -1.062725531755601338e+01 -1.098477250372839897e+01
-1.396933147749073179e+01 -1.364264344499988368e+01 -1.381396570618109187e+01
-1.376553113481596391e+01 -1.457635472455156389e+01 -1.711586268682190948e+01
-1.403026676628130254e+01 -1.470107158848003692e+01 -1.470166250920668638e+01
-1.378405889865616096e+01 -1.399224000801824097e+01 -1.378298141250242992e+01
-1.030499131840764271e+01 -9.430475661865838077e+00 -1.014863703471333878e+01
-8.398652690127031306e+00 -9.220938539684125246e+00 -8.418577754837221150e+00
-2.697944136536785553e+00 -2.305280000000000218e+00 -1.721600000000000019e+00
0.000000000000000000e+00 -8.000000000000000444e-01 0.000000000000000000e+00
0.000000000000000000e+00 0.000000000000000000e+00 0.000000000000000000e+00
0.000000000000000000e+00 0.000000000000000000e+00 0.000000000000000000e+00
0.000000000000000000e+00 0.000000000000000000e+00 0.000000000000000000e+00
-8.000000000000000444e-01 0.000000000000000000e+00 -1.408000000000000140e+00
-5.606836582457492391e+00 -3.137824038381248570e+00 -5.788992668341107262e+00
-9.148153301034234630e+00 -9.089398674640591480e+00 -1.039901782882926540e+01
-6.711698313479061540e+00 -1.209407197752668850e+01 -1.080315635083000281e+01
-1.032897142479144392e+01 -9.717580927806956481e+00 -1.016214241946885188e+01
-9.185708143025557604e+00 -8.489066035503947560e+00 -8.495191063345604476e+00
-7.893616910454279711e+00 -9.011885380975829918e+00 -9.287617701038509921e+00
-9.265418009779446962e+00 -9.345827510529332471e+00 -9.367678020039802433e+00
-7.688927786940983111e+00 -6.883122617332545268e+00 -2.613246419449275049e+00
-3.579428686763627354e+00 -1.568000000000000060e+00 -2.585965737352725391e+00
0.000000000000000000e+00 0.000000000000000000e+00 0.000000000000000000e+00
0.000000000000000000e+00 0.000000000000000000e+00 0.000000000000000000e+00
0.000000000000000000e+00 0.000000000000000000e+00 0.000000000000000000e+00
0.000000000000000000e+00 0.000000000000000000e+00 0.000000000000000000e+00
0.000000000000000000e+00 0.000000000000000000e+00 0.000000000000000000e+00
-1.408000000000000140e+00 -4.895486818592442724e+00 -1.568000000000000060e+00
-2.633075395538632790e+00 -7.195488369212106328e+00 -6.612641518589537526e+00
-8.652526519368883839e+00 -9.785517557427896307e+00 -8.193662800830111337e+00
-7.945019580471393894e+00 -9.419224122644443753e+00 -9.091431028157051841e+00
-8.431905546252536965e+00 -9.730029873220404468e+00 -9.788620414004942205e+00
-8.836433340560585492e+00 -8.929330065605647349e+00 -8.930249986863241674e+00
-9.090699603646191562e+00 -8.570834560260328416e+00 -8.182709135872540784e+00
-2.617167229091839964e+00 -6.267389843911749026e+00 -2.931663257600000350e+00
0.000000000000000000e+00 -8.000000000000000444e-01 0.000000000000000000e+00
0.000000000000000000e+00 0.000000000000000000e+00 0.000000000000000000e+00
0.000000000000000000e+00 0.000000000000000000e+00 0.000000000000000000e+00
0.000000000000000000e+00 0.000000000000000000e+00 0.000000000000000000e+00
0.000000000000000000e+00 0.000000000000000000e+00 0.000000000000000000e+00
0.000000000000000000e+00 0.000000000000000000e+00 0.000000000000000000e+00
-8.000000000000000444e-01 0.000000000000000000e+00 0.000000000000000000e+00
-1.721600000000000019e+00 -2.313676800000000533e+00 -5.768886503046806169e+00
-2.697044698972419496e+00 -6.951603621849503867e+00 -7.032969977359837976e+00
-6.936666504142463552e+00 -6.654995622414556777e+00 -7.367035346015498476e+00
-7.559864472646987466e+00 -7.469329720525033522e+00 -7.434613040837289688e+00
-6.805936705117206387e+00 -6.855649365500982917e+00 -7.031821674399489908e+00
-2.305280000000000218e+00 -2.552012799999999970e+00 -1.173811200000000055e+00
-1.646336000000000244e+00 -1.408000000000000140e+00 0.000000000000000000e+00
0.000000000000000000e+00 0.000000000000000000e+00 0.000000000000000000e+00
0.000000000000000000e+00 0.000000000000000000e+00 0.000000000000000000e+00
0.000000000000000000e+00 0.000000000000000000e+00 0.000000000000000000e+00
0.000000000000000000e+00 0.000000000000000000e+00 0.000000000000000000e+00
0.000000000000000000e+00 0.000000000000000000e+00 0.000000000000000000e+00
0.000000000000000000e+00 0.000000000000000000e+00 0.000000000000000000e+00
0.000000000000000000e+00 0.000000000000000000e+00 0.000000000000000000e+00
0.000000000000000000e+00 -8.000000000000000444e-01 -8.000000000000000444e-01
-1.721600000000000019e+00 -6.011969856095194409e+00 -1.991680000000000339e+00
-1.568000000000000060e+00 -1.721600000000000019e+00 -1.568000000000000060e+00
-1.728000000000000203e+00 -1.568000000000000060e+00 -1.568000000000000060e+00
-1.721600000000000019e+00 -2.305280000000000218e+00 -1.721600000000000019e+00
-1.529600000000000071e+00 -8.000000000000000444e-01 -8.000000000000000444e-01
0.000000000000000000e+00 0.000000000000000000e+00 0.000000000000000000e+00
0.000000000000000000e+00 0.000000000000000000e+00 0.000000000000000000e+00
0.000000000000000000e+00 0.000000000000000000e+00 0.000000000000000000e+00
0.000000000000000000e+00 0.000000000000000000e+00 0.000000000000000000e+00
0.000000000000000000e+00 0.000000000000000000e+00 0.000000000000000000e+00
0.000000000000000000e+00 0.000000000000000000e+00 0.000000000000000000e+00
0.000000000000000000e+00 0.000000000000000000e+00 0.000000000000000000e+00
0.000000000000000000e+00 0.000000000000000000e+00 0.000000000000000000e+00
0.000000000000000000e+00 0.000000000000000000e+00 0.000000000000000000e+00
0.000000000000000000e+00 0.000000000000000000e+00 0.000000000000000000e+00
-8.000000000000000444e-01 -9.599999999999999645e-01 -8.000000000000000444e-01
-9.599999999999999645e-01 -8.000000000000000444e-01 -1.568000000000000060e+00
0.000000000000000000e+00 0.000000000000000000e+00 0.000000000000000000e+00
0.000000000000000000e+00 0.000000000000000000e+00 0.000000000000000000e+00
0.000000000000000000e+00 0.000000000000000000e+00 0.000000000000000000e+00
0.000000000000000000e+00 0.000000000000000000e+00 0.000000000000000000e+00
0.000000000000000000e+00 0.000000000000000000e+00 0.000000000000000000e+00
0.000000000000000000e+00 0.000000000000000000e+00 0.000000000000000000e+00
0.000000000000000000e+00 0.000000000000000000e+00 0.000000000000000000e+00
0.000000000000000000e+00 0.000000000000000000e+00 0.000000000000000000e+00
0.000000000000000000e+00 0.000000000000000000e+00 0.000000000000000000e+00
0.000000000000000000e+00 0.000000000000000000e+00 0.000000000000000000e+00
0.000000000000000000e+00 0.000000000000000000e+00 0.000000000000000000e+00
0.000000000000000000e+00 0.000000000000000000e+00 0.000000000000000000e+00
0.000000000000000000e+00 0.000000000000000000e+00 0.000000000000000000e+00
0.000000000000000000e+00 0.000000000000000000e+00 0.000000000000000000e+00
0.000000000000000000e+00 0.000000000000000000e+00 0.000000000000000000e+00
0.000000000000000000e+00 0.000000000000000000e+00 0.000000000000000000e+00
0.000000000000000000e+00 0.000000000000000000e+00 0.000000000000000000e+00
0.000000000000000000e+00 0.000000000000000000e+00 0.000000000000000000e+00
0.000000000000000000e+00 0.000000000000000000e+00 0.000000000000000000e+00
0.000000000000000000e+00 0.000000000000000000e+00 0.000000000000000000e+00
0.000000000000000000e+00 0.000000000000000000e+00 0.000000000000000000e+00
0.000000000000000000e+00 0.000000000000000000e+00 0.000000000000000000e+00
0.000000000000000000e+00 0.000000000000000000e+00 0.000000000000000000e+00
0.000000000000000000e+00 0.000000000000000000e+00 0.000000000000000000e+00
0.000000000000000000e+00 0.000000000000000000e+00 0.000000000000000000e+00
0.000000000000000000e+00 0.000000000000000000e+00 0.000000000000000000e+00
0.000000000000000000e+00 0.000000000000000000e+00 0.000000000000000000e+00
0.000000000000000000e+00 0.000000000000000000e+00 0.000000000000000000e+00
0.000000000000000000e+00 0.000000000000000000e+00 0.000000000000000000e+00
0.000000000000000000e+00 0.000000000000000000e+00 0.000000000000000000e+00
0.000000000000000000e+00 0.000000000000000000e+00 0.000000000000000000e+00
0.000000000000000000e+00 0.000000000000000000e+00 0.000000000000000000e+00
0.000000000000000000e+00 0.000000000000000000e+00 0.000000000000000000e+00
0.000000000000000000e+00 0.000000000000000000e+00 0.000000000000000000e+00
0.000000000000000000e+00 0.000000000000000000e+00 0.000000000000000000e+00
0.000000000000000000e+00 0.000000000000000000e+00 0.000000000000000000e+00
0.000000000000000000e+00 0.000000000000000000e+00 0.000000000000000000e+00
0.000000000000000000e+00 0.000000000000000000e+00 0.000000000000000000e+00
0.000000000000000000e+00 0.000000000000000000e+00 0.000000000000000000e+00
0.000000000000000000e+00 0.000000000000000000e+00 0.000000000000000000e+00
0.000000000000000000e+00 0.000000000000000000e+00 0.000000000000000000e+00
0.000000000000000000e+00 0.000000000000000000e+00 0.000000000000000000e+00
0.000000000000000000e+00 0.000000000000000000e+00 0.000000000000000000e+00
0.000000000000000000e+00 0.000000000000000000e+00 0.000000000000000000e+00
0.000000000000000000e+00 0.000000000000000000e+00 0.000000000000000000e+00
0.000000000000000000e+00 0.000000000000000000e+00 0.000000000000000000e+00
0.000000000000000000e+00 0.000000000000000000e+00 0.000000000000000000e+00
0.000000000000000000e+00 0.000000000000000000e+00 0.000000000000000000e+00
0.000000000000000000e+00 0.000000000000000000e+00 0.000000000000000000e+00
0.000000000000000000e+00 0.000000000000000000e+00 0.000000000000000000e+00
0.000000000000000000e+00 0.000000000000000000e+00 0.000000000000000000e+00
0.000000000000000000e+00 0.000000000000000000e+00 0.000000000000000000e+00
0.000000000000000000e+00 0.000000000000000000e+00 0.000000000000000000e+00
0.000000000000000000e+00 0.000000000000000000e+00 0.000000000000000000e+00
0.000000000000000000e+00 0.000000000000000000e+00 0.000000000000000000e+00
0.000000000000000000e+00 0.000000000000000000e+00 0.000000000000000000e+00
0.000000000000000000e+00 0.000000000000000000e+00 0.000000000000000000e+00
0.000000000000000000e+00 0.000000000000000000e+00 0.000000000000000000e+00
0.000000000000000000e+00 0.000000000000000000e+00 0.000000000000000000e+00
0.000000000000000000e+00 0.000000000000000000e+00 0.000000000000000000e+00
0.000000000000000000e+00 0.000000000000000000e+00 0.000000000000000000e+00
0.000000000000000000e+00 0.000000000000000000e+00 0.000000000000000000e+00
